Numero		Grupo		Tiempo				Mes				Edad
4		1		24.7186762342			0.780234096041			5.45082809889
13		1		70.2583324617			0.530334333506			6.33431724273
19		1		22.6838453625			1.53646041645			2.23576805599
34		1		52.600992343			0.0836509398326			6.2859242936
48		1		65.571747835			0.46659642014			4.94078760531
54		1		33.6392862889			0.449236401158			7.53184204562
62		1		0.0			0.266739876225			3.18582015724
83		1		39.8330562625			0.457931403902			2.52681395123
84		1		66.6807983949			1.70529885695			7.81426312297
